// NullStudy_1
// Subjects=14
16 -24 -44
28 10 -6
58 -28 -30
18 -38 38
-20 -12 78
38 -48 42
 
// NullStudy_2
// Subjects=9
14 -90 -2
10 -52 -56
54 -48 6
 
// NullStudy_3
// Subjects=9
-16 4 6
-36 50 6
-2 54 38
10 -50 0
4 0 22
-30 46 -20
-22 -30 6
24 -48 6
12 -56 -42
-4 56 16
-58 -18 28
36 -62 -26
64 -22 -22
26 14 -28
36 20 -24
-12 56 0
-36 -78 -10
0 -4 -8
 
// NullStudy_4
// Subjects=19
-44 -28 10
52 12 -10
0 38 24
4 58 2
8 50 -4
0 -44 -48
 
// NullStudy_5
// Subjects=10
-12 -28 -50
40 -6 32
-38 -12 -4
-2 -28 -4
28 -80 -12
56 -46 38
 
// NullStudy_6
// Subjects=18
-34 42 32
0 28 46
-20 30 -8
-46 -36 24
-42 -76 16
-4 -54 26
-24 32 -24
14 -78 14
-54 -24 -2
4 -86 -10
-42 26 -14
2 -6 2
-62 -18 -4
-22 -74 -34
-22 -80 -34
28 -32 62
50 18 -12
-54 -54 -30
-24 36 38
-24 -54 -60
-54 -54 40
-52 16 -30
-48 -36 -46
-10 -42 -14
 
// NullStudy_7
// Subjects=14
30 42 -18
-20 -32 22
12 -48 60
 
// NullStudy_8
// Subjects=11
-64 10 16
12 54 20
-14 -40 -10
44 -66 46
 
// NullStudy_9
// Subjects=11
2 46 22
58 -40 6
24 -84 4
48 -58 16
34 -16 -38
-66 -20 32
-24 -18 -10
-18 18 64
-44 -6 -40
28 6 22
-12 48 22
30 -46 56
0 12 38
-34 -42 -28
0 -50 4
14 -40 72
16 -64 -56
50 -68 -36
 
// NullStudy_10
// Subjects=12
44 -16 2
-14 60 34
46 -46 -38
 
// NullStudy_11
// Subjects=9
-42 -2 28
6 -18 22
38 -48 4
44 2 -10
 
// NullStudy_12
// Subjects=10
16 -34 10
-50 -46 -28
-6 -4 6
32 -56 48
 
// NullStudy_13
// Subjects=11
4 68 14
-6 -34 52
-18 -30 -52
 
// NullStudy_14
// Subjects=10
8 -44 38
-32 18 -44
28 -46 32
-8 -2 58
40 -48 -52
-16 -80 -16
 
// NullStudy_15
// Subjects=9
-48 -58 18
0 -90 10
 
// NullStudy_16
// Subjects=12
16 -14 18
-16 54 4
 
// NullStudy_17
// Subjects=19
-14 -36 56
-40 -6 36
-10 6 48
 
// NullStudy_18
// Subjects=11
34 -12 -8
60 -54 4
-2 68 -12
 
// NullStudy_19
// Subjects=19
12 -52 24
-16 60 32
-52 -58 -42
14 -86 -40
-4 -42 2
30 -6 50
10 -80 4
-32 14 16
44 32 16
-54 6 -14
-12 -78 16
-44 -10 -38
28 -42 26
2 42 -16
32 -14 54
4 -16 44
-28 -26 74
-52 -46 48
-24 -16 -36
2 -84 -24
34 20 46
36 -32 58
-38 -44 -34
-56 -16 32
30 2 40
-32 -16 -30
-6 -6 -20
48 -74 20
-12 -62 32
-30 -26 -16
-62 -22 24
 
// NullStudy_20
// Subjects=14
-38 54 -12
28 52 12
56 -6 -18
-56 30 -12
 
// NullStudy_21
// Subjects=14
16 16 4
0 -50 -48
-48 46 2
56 -56 -2
32 -10 22
-2 42 14
-20 -42 -8
24 -52 60
-48 -18 16
20 -20 10
-44 -46 24
-26 -54 64
-70 -14 -18
36 -64 -6
-20 44 20
36 -28 -8
-38 -54 -40
66 -6 -26
24 -50 16
-38 -20 38
-20 -78 48
-54 32 -14
18 -28 54
24 -44 60
58 -28 10
42 -10 22
-32 -58 -18
-4 28 48
-16 18 -18
54 -28 36
30 -16 -24
 
// NullStudy_22
// Subjects=11
-28 -18 34
-58 10 42
 
// NullStudy_23
// Subjects=9
14 10 70
62 -12 26
24 -50 44
2 46 0
 
// NullStudy_24
// Subjects=11
-34 4 0
44 -4 56
46 12 44
8 60 -22
-20 48 -14
-42 4 42
 
// NullStudy_25
// Subjects=9
20 -46 4
44 -32 56
-8 -68 -34
-14 14 22
 
// NullStudy_26
// Subjects=11
24 -44 70
-26 -12 18
38 -44 46
 
// NullStudy_27
// Subjects=10
-18 -68 2
-52 10 -2
18 0 -16
 
// NullStudy_28
// Subjects=14
68 -2 18
46 44 4
12 28 -18
18 -54 -48
 
// NullStudy_29
// Subjects=14
-46 10 2
48 -54 -42
46 0 -8
 
// NullStudy_30
// Subjects=19
28 -80 42
-42 -52 -14
12 -74 -46
-24 -48 -10
 
// NullStudy_31
// Subjects=14
46 6 2
-32 2 -50
-42 -42 56
6 -20 -14
 
// NullStudy_32
// Subjects=9
-50 -52 32
-18 32 -18
20 -16 16
-36 2 16
 
// NullStudy_33
// Subjects=19
4 6 62
34 6 -20
-4 8 36
52 10 40
-32 -64 -24
-52 18 28
-8 0 70
4 -44 -38
0 -74 42
-30 -42 -10
14 26 50
40 -48 58
22 -52 14
-26 -14 -18
-16 -36 26
-8 -14 2
8 -46 -4
-4 -26 58
48 -54 6
60 6 -12
-30 6 58
-20 -22 20
26 -44 -4
-28 -12 46
12 42 -22
-60 8 2
-22 -22 36
-20 -70 -40
6 20 4
16 -40 56
8 68 24
 
// NullStudy_34
// Subjects=9
34 -32 -22
-66 -50 4
0 -20 6
-34 -52 -30
-38 -24 -12
-8 18 50
 
// NullStudy_35
// Subjects=12
-68 -48 -20
-48 -66 28
2 2 30
 
// NullStudy_36
// Subjects=14
-58 30 16
14 -24 32
-6 -48 44
36 22 40
 
// NullStudy_37
// Subjects=11
-18 48 0
-34 -82 -14
 
// NullStudy_38
// Subjects=11
-32 -38 34
-8 -4 -8
16 -8 50
38 -52 26
10 -52 -64
16 -46 14
-38 -52 44
-34 52 20
52 22 4
10 -6 36
24 -66 54
22 -52 72
-66 -30 20
-42 22 -26
-12 -54 74
-70 -12 -16
4 -76 36
-24 -72 44
-26 -26 58
-10 -66 40
-14 -16 -12
-42 -72 -48
-18 -96 10
44 44 4
-36 10 58
-52 -18 -8
56 -56 -42
8 -50 -54
-48 24 0
-10 24 -24
18 -2 56
 
// NullStudy_39
// Subjects=12
-30 -62 34
10 -68 -46
-40 -26 36
10 -86 -36
 
// NullStudy_40
// Subjects=11
-46 -52 52
2 42 -28
8 42 26
 
// NullStudy_41
// Subjects=14
38 -38 48
-44 -52 4
-30 -94 -12
 
// NullStudy_42
// Subjects=11
-44 -22 -16
-22 30 -22
-52 8 46
42 2 28
0 -42 38
-2 -80 -22
-42 26 2
-40 -40 -58
-30 36 22
-20 -34 48
-20 -34 62
42 -8 -16
-24 38 -8
-26 -38 -56
-14 -14 10
52 -2 -30
50 6 2
18 68 -6
-44 44 10
-8 34 -12
10 -54 24
12 -4 38
-28 -52 26
-32 4 -38
42 -26 48
48 -36 54
6 -26 -20
-40 -88 12
6 10 58
-56 -42 -44
-42 -60 -34
 
// NullStudy_43
// Subjects=14
-28 -66 26
-18 -64 -10
-8 0 2
8 44 2
60 20 -4
-36 30 18
 
// NullStudy_44
// Subjects=14
-12 -8 30
-8 22 4
 
// NullStudy_45
// Subjects=9
-8 -80 44
-50 -48 -42
6 -66 -44
48 -26 22
-30 28 42
8 -90 -24
 
// NullStudy_46
// Subjects=18
-20 20 14
-24 -24 46
-48 -58 -12
50 -44 32
-32 -40 40
52 12 36
30 -52 68
-38 -68 -42
-32 -74 -16
42 8 36
-60 -16 36
-4 -68 26
-34 -64 -20
46 26 8
-8 0 64
12 -42 10
24 -28 -42
-6 -40 -30
-22 28 -10
2 -40 30
-48 -78 10
46 -28 -10
56 -30 -28
20 -46 -48
 
// NullStudy_47
// Subjects=18
-32 40 0
-36 -22 70
6 -64 -54
18 -58 -4
-2 66 6
-16 0 56
 
// NullStudy_48
// Subjects=14
-26 0 -10
-56 -20 -18
34 -80 18
 
// NullStudy_49
// Subjects=19
8 68 -4
6 -60 12
2 50 -10
-34 42 -18
 
// NullStudy_50
// Subjects=14
-28 -68 16
32 60 10
26 -24 32
-40 -76 -18
 
// NullStudy_51
// Subjects=14
16 -52 8
36 -16 38
-46 50 0
54 16 12
 
// NullStudy_52
// Subjects=11
-22 -34 -30
-12 -54 66
-36 18 -40
38 -14 -42
-36 8 -2
50 -54 36
24 -78 -34
36 -86 14
-26 -42 -14
-20 36 40
8 -36 76
-40 -80 2
64 -42 -24
-50 42 -16
-2 22 34
22 -82 14
-4 -68 36
14 -98 16
20 4 20
10 -30 34
50 -60 38
14 28 50
-24 36 2
-8 -46 64
-2 26 18
-48 -48 32
-40 -8 10
-10 20 32
40 -68 12
-18 -32 50
-44 -48 -4
 
// NullStudy_53
// Subjects=18
-16 -12 54
-10 0 34
10 -62 64
 
// NullStudy_54
// Subjects=11
-24 60 -2
20 -26 -18
-60 -50 -30
 
// NullStudy_55
// Subjects=14
-12 -76 -34
-28 -66 8
-38 -76 -24
0 26 44
-48 -38 -38
64 -50 -14
6 46 2
4 14 -8
64 -32 -24
-8 -14 68
-12 -42 -58
14 -8 56
-46 -54 -38
-52 -70 6
-26 -54 -64
48 -52 44
52 8 -46
-4 46 44
-30 12 -46
20 -32 38
16 -42 16
46 -30 20
64 6 -18
-14 -70 -50
-12 -28 -36
-6 58 -4
16 34 -2
-58 -50 40
26 -14 10
30 -38 -6
-32 -28 -14
 
// NullStudy_56
// Subjects=9
-68 -24 16
22 -18 28
18 -64 58
 
// NullStudy_57
// Subjects=18
-20 -24 70
30 -84 -40
-32 -14 -6
 
// NullStudy_58
// Subjects=14
28 -92 4
-42 52 14
-32 -68 0
24 -82 32
 
// NullStudy_59
// Subjects=11
52 -70 -2
42 -66 -34
18 36 0
2 -40 -38
34 50 -20
18 -52 -12
 
// NullStudy_60
// Subjects=11
-16 28 48
-12 36 34
28 -10 68
-8 -48 -28
2 58 26
-20 -30 76
 
// NullStudy_61
// Subjects=19
4 0 -6
6 -44 32
-54 -8 6
 
// NullStudy_62
// Subjects=14
-2 -82 8
12 -44 -62
-8 -34 -34
 
// NullStudy_63
// Subjects=14
-16 -56 -38
-48 -74 24
-52 -66 -34
-28 -84 32
-58 0 -32
-48 -10 4
-16 -24 64
50 -58 -54
12 -28 34
56 16 -2
14 16 14
-50 10 34
30 -12 -2
0 -96 -10
-56 20 16
-52 -10 -4
-34 32 12
26 -26 -26
-48 22 24
-10 30 10
28 -10 64
-62 -46 22
-10 -76 0
46 28 14
 
// NullStudy_64
// Subjects=19
-12 -36 22
-22 42 12
42 20 -20
38 -86 -18
48 -66 30
50 -54 -30
34 -8 -20
-4 -14 20
40 -62 34
-14 30 4
-24 -52 32
-10 -72 12
-44 -40 -16
46 -46 -26
34 -34 -28
54 -36 34
-26 18 44
-44 28 -8
-50 36 -2
-36 26 8
14 0 10
14 -40 -24
-20 2 50
6 -20 56
-26 -38 56
24 2 8
-10 -70 -16
-12 -44 42
-54 -44 48
4 -58 -40
-16 -6 74
 
// NullStudy_65
// Subjects=9
48 -78 4
6 -58 42
 
// NullStudy_66
// Subjects=9
24 4 -26
-30 42 42
64 -38 20
-12 30 24
-54 8 -14
-10 -86 20
42 -64 -14
-6 18 46
-6 -62 16
-8 32 -8
-10 56 4
-58 2 36
-66 -48 20
-4 -32 10
-10 6 36
-32 -14 -16
-48 36 -4
22 32 26
16 -34 -16
-32 56 -20
-14 -14 -26
18 56 0
-24 -76 -36
-48 20 -14
 
// NullStudy_67
// Subjects=9
-20 32 22
6 46 4
-16 -62 68
-22 -62 -22
 
// NullStudy_68
// Subjects=14
8 20 10
-56 -36 14
44 -66 12
 
// NullStudy_69
// Subjects=11
-44 -24 38
-56 -68 -14
62 -10 -20
46 -64 -56
 
// NullStudy_70
// Subjects=14
-22 -56 -60
2 -58 -52
50 0 12
10 16 60
 
// NullStudy_71
// Subjects=14
8 52 -10
-26 36 36
-10 -48 -2
46 18 46
-6 -28 -10
62 -50 0
8 12 4
38 -28 28
-34 32 36
2 -84 -4
-26 -2 -28
-6 -14 -46
-18 -44 -4
-20 -44 68
-28 -86 8
18 -94 -10
20 -80 -10
42 6 -48
6 -70 12
60 -46 10
40 34 40
-10 46 16
6 -62 46
-26 -12 52
32 -44 54
64 0 18
-16 66 -18
-26 16 -4
-38 -22 18
-34 -42 -26
22 -50 32
 
// NullStudy_72
// Subjects=11
16 24 28
64 -14 14
38 30 14
-62 -6 22
44 -64 -44
-20 -68 -50
 
// NullStudy_73
// Subjects=14
-24 28 4
-34 0 -36
0 -30 -20
 
// NullStudy_74
// Subjects=11
42 46 -22
44 42 18
-30 -40 38
6 -64 16
-12 -86 -24
20 -82 16
-24 -68 -16
26 52 -18
34 -4 16
0 -52 40
-52 2 26
30 -66 30
18 -76 30
48 22 -10
-30 -90 -22
-26 -34 -8
-18 -44 12
-64 20 16
24 -38 -20
-4 32 26
38 -2 -40
-20 -36 -44
20 -48 10
14 -32 -16
-16 32 -12
-30 -16 -22
40 -12 8
-20 42 10
-34 -58 -24
26 6 -42
-24 54 4
 
// NullStudy_75
// Subjects=18
22 -20 -20
-32 42 32
-56 -64 -10
 
// NullStudy_76
// Subjects=11
-6 6 4
-24 18 4
 
// NullStudy_77
// Subjects=19
-62 12 20
-52 -2 18
-38 58 0
 
// NullStudy_78
// Subjects=11
-32 4 24
-38 -90 -16
 
// NullStudy_79
// Subjects=9
-34 0 -16
-34 -2 60
-4 44 14
0 -78 -16
-30 16 12
4 -54 10
 
// NullStudy_80
// Subjects=14
32 -8 58
42 -8 62
-26 -20 48
50 20 -34
-28 -26 16
24 -70 -62
 
// NullStudy_81
// Subjects=12
46 -4 -10
6 0 16
-42 24 -32
 
// NullStudy_82
// Subjects=14
8 -36 -48
34 -54 38
-10 62 -20
-14 42 10
 
// NullStudy_83
// Subjects=19
-4 -32 -12
20 -50 0
16 -48 -2
-42 54 -16
 
// NullStudy_84
// Subjects=11
-24 10 -2
-18 34 40
-22 -38 10
 
// NullStudy_85
// Subjects=11
-12 -96 24
2 -50 18
-8 -26 50
32 -80 -12
38 50 14
-50 -66 -22
 
// NullStudy_86
// Subjects=19
-60 2 28
-16 -42 10
 
// NullStudy_87
// Subjects=10
-12 -82 -42
-48 -38 24
 
// NullStudy_88
// Subjects=14
-54 -6 2
54 6 -30
44 -10 8
-6 -20 74
66 -22 14
-8 -20 30
 
// NullStudy_89
// Subjects=19
-16 -54 -32
26 -56 -50
42 -40 -24
 
// NullStudy_90
// Subjects=11
-20 10 -8
-8 -24 72
36 -54 -18
-8 -74 -24
 
// NullStudy_91
// Subjects=14
26 64 -4
54 -34 -12
-40 -26 54
 
// NullStudy_92
// Subjects=19
-44 -10 6
12 28 42
16 -32 -24
0 -22 -28
 
// NullStudy_93
// Subjects=14
-40 20 2
20 42 -10
-2 62 -16
36 44 -14
38 -2 40
-44 46 -2
18 -66 22
-52 -12 20
-40 -72 -34
30 -12 48
28 -42 -36
60 -36 34
38 -14 30
-32 -14 -18
20 -56 36
14 -28 32
2 0 12
-6 56 16
 
// NullStudy_94
// Subjects=9
10 -28 60
54 -42 34
-46 54 8
 
// NullStudy_95
// Subjects=12
20 -28 14
-52 0 6
34 26 -6
-68 -24 -18
-22 -68 -32
4 -44 32
 
// NullStudy_96
// Subjects=9
-50 -16 2
-38 -30 -28
-26 -78 14
 
// NullStudy_97
// Subjects=19
26 26 -6
-30 -24 6
-48 -16 -12
14 -16 36
 
// NullStudy_98
// Subjects=9
-54 28 -12
66 -26 -2
50 -64 12
-12 -90 -22
32 28 26
54 4 -16
 
// NullStudy_99
// Subjects=18
44 22 -20
20 -56 70
-8 -48 -42
0 -58 -32
32 10 6
-38 -36 16
 
// NullStudy_100
// Subjects=11
-42 -2 -8
-12 -48 36
 
// NullStudy_101
// Subjects=9
22 -10 -30
0 -24 -24
28 -58 18
42 -36 -12
-54 -68 -16
-4 -32 62
-42 -66 -16
-40 34 -2
-26 24 2
-16 -18 -22
-2 -36 -34
50 -28 48
18 -52 44
32 -32 -44
-12 34 44
-36 -74 46
-50 20 20
22 -42 72
0 -44 60
-42 28 -34
-36 -2 20
52 -66 4
-10 -46 -22
16 34 16
 
// NullStudy_102
// Subjects=10
70 -30 -10
10 64 -18
-54 -50 -50
-10 32 50
 
// NullStudy_103
// Subjects=18
46 -18 56
-48 38 34
-20 -28 12
68 -30 12
-8 -66 0
-44 -64 18
 
// NullStudy_104
// Subjects=10
30 -44 20
42 -44 18
 
// NullStudy_105
// Subjects=11
16 -58 66
-22 -70 2
-10 -62 54
18 -48 54
-54 -6 -2
-46 -66 42
 
// NullStudy_106
// Subjects=9
44 -60 52
-20 6 50
18 -86 -46
 
// NullStudy_107
// Subjects=18
26 -82 -34
-50 0 32
58 -62 14
6 2 32
-2 -38 42
40 -8 12
-46 38 2
34 -56 -58
-46 -16 52
-34 -66 -50
2 -54 2
-14 -48 -52
-14 -40 12
-8 14 56
-6 -70 34
68 -18 -4
-16 -18 -44
42 -44 14
-46 -72 -22
36 -74 6
50 -26 42
-54 -24 38
-6 -88 -32
10 -36 -32
20 44 -24
34 -84 -36
22 -8 46
18 16 6
-32 -10 30
16 -70 8
44 -72 -32
 
// NullStudy_108
// Subjects=14
12 -62 48
-16 20 46
 
// NullStudy_109
// Subjects=14
-2 -42 20
26 2 -32
38 4 42
20 -76 -28
14 -70 20
-2 -30 -34
36 -78 -42
46 -14 34
-18 -80 -38
-66 -40 12
-2 -82 -34
0 -82 6
-30 -20 -12
10 -20 40
-18 -84 28
46 0 42
10 -92 8
-28 -80 -16
-14 0 -24
-34 -84 -34
-24 32 -24
38 -82 -42
-46 -68 -18
44 22 -44
 
// NullStudy_110
// Subjects=11
-4 -4 36
4 -32 4
54 -60 26
 
// NullStudy_111
// Subjects=14
50 44 -8
-24 22 6
 
// NullStudy_112
// Subjects=11
30 -2 -26
50 -66 -34
-26 -2 70
36 -54 54
2 6 -2
42 -38 16
26 10 -20
-32 -22 50
-4 -62 48
-34 20 48
-30 22 14
14 -20 10
38 20 2
-16 46 -24
14 -56 22
-20 14 30
20 52 18
-34 -50 -20
 
// NullStudy_113
// Subjects=9
-10 -6 28
-6 48 34
38 -90 -8
-14 -102 6
12 -6 34
-16 -16 -2
 
// NullStudy_114
// Subjects=14
46 -50 -12
36 -44 -22
2 -18 -28
10 20 66
-34 -38 30
-12 2 -14
44 -64 32
18 0 2
-20 -20 -20
-4 34 38
36 -54 42
38 18 52
20 -70 48
-40 -80 16
56 -20 28
-44 32 6
26 -12 46
38 -62 22
 
// NullStudy_115
// Subjects=18
-12 -42 -30
-58 -20 -16
-28 -6 38
 
// NullStudy_116
// Subjects=12
26 16 -24
66 -8 -22
20 -12 76
40 -38 8
-14 18 28
62 -36 20
30 4 -30
24 -50 2
24 -38 -50
28 -86 -30
50 22 -16
-32 -64 42
54 -60 18
0 -88 -4
-18 -48 58
-4 8 62
-48 -14 54
-34 2 22
-48 28 6
12 -12 16
24 -4 -34
14 -8 -24
30 -86 14
-50 -4 -38
32 -48 28
-4 26 22
62 -22 36
-44 -10 34
-34 56 2
32 -56 34
16 6 72
 
// NullStudy_117
// Subjects=12
40 -6 30
-8 -48 14
60 -8 -34
 
// NullStudy_118
// Subjects=14
32 4 -2
-4 66 -10
34 -72 40
 
// NullStudy_119
// Subjects=14
42 24 -38
4 -14 32
68 -26 14
-58 16 30
46 50 -18
36 -36 46
24 -84 30
-16 -46 70
62 18 26
-66 -50 0
58 -46 -14
12 24 32
28 -40 38
-50 -4 -44
46 6 -26
-4 18 14
-34 12 56
-4 -82 -38
-42 -50 -6
-26 22 56
-26 22 -8
30 24 -14
30 0 58
8 -30 0
-28 10 48
54 -20 48
40 -8 -2
18 -40 -18
-20 -92 20
-54 6 36
-24 -58 6
 
// NullStudy_120
// Subjects=14
-8 4 32
-2 -48 -54
0 -8 -16
4 -22 20
-8 -36 36
16 -64 22
-6 64 10
-20 -76 12
52 -2 -42
34 20 14
44 0 -40
-20 -52 -20
-22 -60 46
28 18 -10
-8 26 54
10 26 -2
40 -4 58
-32 -80 -48
 
// NullStudy_121
// Subjects=14
-30 56 -20
30 -60 -50
26 -82 20
-46 -58 16
-28 -48 -42
24 32 36
6 -36 -46
20 -24 38
-50 32 -16
18 -56 22
-24 26 60
-30 -74 -26
-30 -8 54
40 -20 34
-28 4 -46
-28 14 -14
-24 0 -30
40 -14 -42
-26 40 -14
24 -34 -24
-8 54 14
42 -56 0
6 54 10
24 -80 -16
 
// NullStudy_122
// Subjects=11
12 -22 4
-26 16 -24
18 -16 22
-18 -64 62
-16 -96 -16
34 -50 -30
 
// NullStudy_123
// Subjects=10
-22 -90 12
10 58 -16
34 34 40
42 -60 -40
 
// NullStudy_124
// Subjects=9
-40 -60 30
-40 -44 54
34 -58 -16
 
// NullStudy_125
// Subjects=10
-30 14 46
50 -14 44
-44 10 -20
 
// NullStudy_126
// Subjects=11
-26 -86 -8
68 -14 22
2 -94 10
-42 52 -8
 
// NullStudy_127
// Subjects=10
14 54 -8
-16 -12 -16
-66 -32 -16
 
// NullStudy_128
// Subjects=12
-36 -70 -26
-62 -4 36
-26 -32 -22
 
// NullStudy_129
// Subjects=12
-40 -42 48
-6 -62 60
-44 -20 -14
 
// NullStudy_130
// Subjects=11
56 -56 -24
-6 -22 -36
-52 -12 48
-6 -98 -10
40 -78 0
-54 16 32
-50 -38 -10
12 -22 -32
-26 -66 -10
-50 -46 54
-8 -24 30
68 -34 -24
18 -34 -26
28 48 -22
14 -74 24
-24 -14 40
36 28 40
-14 -60 22
-60 -46 38
26 10 52
-46 -66 -16
26 -60 -18
2 36 8
-54 -62 22
 
// NullStudy_131
// Subjects=14
44 46 -18
30 -12 14
-26 -68 -50
22 -8 -2
24 -46 -50
14 -26 -18
 
// NullStudy_132
// Subjects=11
22 0 72
16 8 -8
-26 56 16
 
// NullStudy_133
// Subjects=19
-64 -6 -28
-24 -62 0
22 -52 52
0 -8 -34
 
// NullStudy_134
// Subjects=18
36 -52 54
-4 12 58
-26 -14 54
10 -8 38
-42 -12 -8
-4 -2 24
8 -40 -20
4 -80 4
50 -26 -22
22 4 28
-44 -36 2
-2 64 22
-12 -76 0
32 30 10
-50 36 18
48 -38 -2
38 -72 -12
-22 -6 -32
-24 42 20
44 18 -10
-2 8 44
42 28 -28
48 24 36
12 62 18
 
// NullStudy_135
// Subjects=14
52 -72 -34
6 -40 -50
 
// NullStudy_136
// Subjects=11
48 -30 -2
-8 -12 -44
28 -2 -2
-16 -68 -28
 
// NullStudy_137
// Subjects=19
-46 34 -16
4 -66 50
-54 -42 -20
22 8 8
40 -28 20
-34 20 10
32 18 12
36 -56 44
12 -18 -20
-28 -36 -2
-4 26 16
26 -84 24
-2 26 -10
4 32 -6
18 4 12
4 28 54
34 46 12
18 -50 44
20 68 4
-8 -40 -6
-38 -28 -28
8 -64 58
26 2 -30
-20 -46 78
 
// NullStudy_138
// Subjects=9
-28 -38 -2
2 -12 -22
-52 -56 -56
-14 -10 32
-38 -60 -38
-36 16 40
14 14 4
0 58 34
-2 48 0
26 -16 2
58 -24 -18
52 2 18
-34 20 58
-18 -82 6
54 -18 -18
4 42 40
-4 -36 -60
56 34 14
46 50 -16
18 2 -18
8 -64 -16
34 30 6
-56 18 28
-36 46 0
-6 -58 -2
18 -74 -36
64 -26 4
42 -86 8
26 -78 26
-36 16 -6
-26 -56 -6
 
// NullStudy_139
// Subjects=14
4 -36 4
-54 -42 20
-4 -90 20
 
// NullStudy_140
// Subjects=9
-12 56 22
-8 24 26
-16 -34 -12
30 -70 -4
 
// NullStudy_141
// Subjects=19
8 -6 40
26 -74 24
62 -28 -2
 
// NullStudy_142
// Subjects=11
40 -50 20
38 -22 -30
-6 -86 -18
 
// NullStudy_143
// Subjects=18
18 -34 -16
22 -38 -6
-42 58 8
10 -40 40
 
// NullStudy_144
// Subjects=14
-48 52 12
-50 22 -16
-38 -74 40
-34 -8 60
32 8 60
54 -6 -26
 
// NullStudy_145
// Subjects=11
-10 34 -8
30 -66 -4
32 6 20
-32 -22 70
-22 -38 66
8 56 -20
 
// NullStudy_146
// Subjects=14
18 10 6
30 40 34
-28 -82 0
-6 -58 52
-16 26 32
14 28 -30
12 -28 -40
42 -74 -4
-18 -50 70
-8 50 0
-46 -14 16
28 -4 -34
20 -44 36
44 40 12
-16 -40 -8
-64 -6 4
-52 -40 -4
60 -2 0
24 38 42
-44 -70 40
12 -56 58
-10 -50 8
-50 6 -18
12 16 60
 
// NullStudy_147
// Subjects=18
-56 -36 42
-62 8 -2
48 -68 20
 
// NullStudy_148
// Subjects=14
6 4 -4
-20 -16 24
4 -44 56
 
// NullStudy_149
// Subjects=9
-22 20 -34
-28 -32 -32
-42 -72 -40
18 26 -2
14 46 30
-36 -84 2
 
// NullStudy_150
// Subjects=12
24 4 2
-14 -38 36
 
// NullStudy_151
// Subjects=11
-4 -40 12
-46 -64 -10
-26 40 -22
8 -64 30
 
// NullStudy_152
// Subjects=11
30 34 -6
2 -58 16
-18 24 52
4 24 34
16 -18 60
-32 40 38
32 40 4
6 68 20
-38 -20 -20
-10 14 12
-4 -8 -6
8 -12 14
-44 -32 58
56 4 -28
-6 -6 40
26 -76 -14
12 -24 18
50 2 42
 
// NullStudy_153
// Subjects=14
24 12 34
2 -16 -6
-62 14 28
 
// NullStudy_154
// Subjects=11
46 24 -32
38 18 -46
-8 24 30
-26 34 26
52 50 -4
16 -26 -30
 
// NullStudy_155
// Subjects=11
14 72 6
4 -18 -16
-32 -44 26
-46 -8 -14
46 -78 2
14 46 10
 
// NullStudy_156
// Subjects=10
-22 -36 62
22 54 0
-16 -48 -28
 
// NullStudy_157
// Subjects=12
-14 60 18
8 54 32
-14 -40 16
 
// NullStudy_158
// Subjects=12
-12 -34 38
4 -52 70
10 -70 28
 
// NullStudy_159
// Subjects=10
-36 -62 38
-60 -2 4
10 -38 -42
18 -78 32
 
// NullStudy_160
// Subjects=9
10 4 2
-28 -58 68
-40 14 -18
-46 -64 42
-8 28 8
-10 -24 76
-26 -46 64
14 40 -30
-54 -30 -26
-2 -50 30
46 -50 20
-64 4 -28
-24 26 26
-36 46 -8
6 -36 32
-32 -2 -24
68 -28 -28
-52 -40 40
10 46 -22
10 -62 2
52 -62 22
-22 -44 -10
-14 -22 32
0 -4 14
-54 -8 -42
-66 -22 18
48 24 0
-8 -52 18
6 -62 58
-26 14 44
14 -80 16
 
// NullStudy_161
// Subjects=11
-10 -38 78
-4 -30 62
56 -64 -42
-18 -64 30
-32 22 12
32 18 -48
 
// NullStudy_162
// Subjects=11
0 -90 0
32 2 16
-18 -12 42
-32 18 26
 
// NullStudy_163
// Subjects=9
-2 -52 38
-28 50 0
 
// NullStudy_164
// Subjects=19
2 30 -28
34 48 -4
-6 -66 50
 
// NullStudy_165
// Subjects=11
-6 26 58
48 -48 48
-20 -24 42
-42 6 -16
-24 -48 -44
38 40 -12
 
// NullStudy_166
// Subjects=11
16 54 8
-30 -94 -10
-58 -10 24
38 -62 42
 
// NullStudy_167
// Subjects=11
14 -80 -16
52 -12 -22
40 6 -10
 
// NullStudy_168
// Subjects=12
-26 62 2
8 -48 -52
8 4 -12
-36 -46 12
 
// NullStudy_169
// Subjects=11
-4 -58 38
6 64 14
-36 -2 0
 
// NullStudy_170
// Subjects=19
40 -44 0
8 -52 -46
12 -32 -46
 
// NullStudy_171
// Subjects=11
58 -12 20
18 -30 30
8 -82 48
48 -4 14
40 -4 44
6 -58 -52
 
// NullStudy_172
// Subjects=14
16 -6 34
-14 -58 52
-66 -58 -16
-30 -4 10
-28 -56 -62
-56 -54 -50
 
// NullStudy_173
// Subjects=14
-12 -30 78
20 48 8
24 -72 -16
66 -12 28
18 -36 -12
20 -60 -34
 
// NullStudy_174
// Subjects=11
20 -16 -22
22 -76 -38
-8 16 26
 
// NullStudy_175
// Subjects=19
18 64 0
-42 32 18
62 -36 26
-20 10 54
-58 -2 18
-4 -58 -46
-14 -50 8
44 -36 40
-50 -6 -38
-72 -42 -12
26 -34 -30
4 -58 -34
-42 14 4
-46 -50 -12
60 -38 -16
-22 64 2
16 34 -22
-6 -36 -2
 
// NullStudy_176
// Subjects=9
-48 -24 -16
30 -16 54
-16 -78 2
 
// NullStudy_177
// Subjects=19
54 26 16
-10 -28 20
 
// NullStudy_178
// Subjects=11
-38 -78 2
-2 -32 -26
-44 10 -2
 
// NullStudy_179
// Subjects=10
26 -82 -14
-62 -14 -32
10 34 58
24 60 18
48 -50 38
18 36 36
 
// NullStudy_180
// Subjects=14
2 -16 20
-18 -54 -10
-4 70 4
12 -26 12
 
// NullStudy_181
// Subjects=12
24 -48 -32
-18 -70 50
50 6 40
-16 -2 28
-30 -34 74
24 -52 -20
 
// NullStudy_182
// Subjects=12
-38 -60 -58
-42 -80 20
-26 -44 18
 
// NullStudy_183
// Subjects=18
44 -52 -54
-26 10 -2
 
// NullStudy_184
// Subjects=14
20 42 -2
-4 -72 -26
-30 24 18
-46 -4 10
-28 -44 40
-12 12 -2
-10 -96 16
-42 -72 4
-32 -10 44
-30 -72 2
36 -6 8
38 2 54
-10 -74 4
0 40 2
8 8 64
-22 -102 -6
-26 16 -34
24 -56 -32
58 -10 12
20 38 8
6 28 -4
16 -68 32
12 8 14
36 52 -10
24 -80 42
-26 -22 -26
-34 -4 54
-2 -52 -58
-4 -46 54
-40 38 0
-18 -20 -14
 
// NullStudy_185
// Subjects=9
-30 20 54
-40 30 -30
-20 -60 36
6 40 -24
 
// NullStudy_186
// Subjects=9
-50 -68 -16
-2 42 38
-44 -8 -12
 
// NullStudy_187
// Subjects=10
50 -32 18
14 8 64
56 -34 42
-50 -14 46
 
// NullStudy_188
// Subjects=14
14 -38 42
-44 -26 38
34 -14 44
 
// NullStudy_189
// Subjects=12
-24 -40 -46
-14 -86 -38
10 2 72
10 54 42
 
// NullStudy_190
// Subjects=18
36 -66 12
-12 18 26
 
// NullStudy_191
// Subjects=10
-32 -4 -26
24 -4 -26
-28 26 -8
 
// NullStudy_192
// Subjects=14
-4 -58 42
-20 4 -20
-36 -2 22
-46 36 14
-6 -30 -10
-38 20 32
 
// NullStudy_193
// Subjects=11
20 6 -44
-64 -54 -16
56 -8 -8
 
// NullStudy_194
// Subjects=11
28 -84 10
-68 -18 -14
62 -2 -16
 
// NullStudy_195
// Subjects=9
-28 -22 16
12 -58 -12
42 6 -20
-28 -34 -50
40 20 22
-30 -22 -6
 
// NullStudy_196
// Subjects=11
32 -12 56
16 -18 74
50 -38 -26
-2 -36 18
6 -50 -54
-28 24 -12
 
// NullStudy_197
// Subjects=18
-48 -56 4
16 -22 74
-16 -72 -48
 
// NullStudy_198
// Subjects=9
62 -28 -16
30 46 12
 
// NullStudy_199
// Subjects=12
6 -20 -22
-56 -28 -14
20 50 42
42 -42 -32
12 40 30
56 -18 -28
-14 -58 34
-26 54 -12
6 60 20
60 0 26
-40 -80 12
-40 30 48
36 -34 -16
-16 -6 2
-68 -22 -24
8 -10 -24
26 14 32
46 16 -2
-2 -10 64
56 -58 6
-14 14 52
16 -8 24
-46 -46 36
20 -74 -16
 
// NullStudy_200
// Subjects=9
-58 -56 -24
2 -78 -40
-14 -90 34
32 -46 0
-52 10 44
-30 -2 -18
-12 -100 0
-20 38 46
-2 -64 28
40 14 12
-36 -30 -22
-2 46 48
-42 34 44
-42 48 -2
8 -40 -48
24 -14 48
40 26 -6
30 50 -8
20 -42 0
8 -30 68
16 -68 -32
6 -54 -64
2 -46 -20
4 44 20
-24 -36 -2
60 26 -2
26 -80 14
-22 -6 50
26 -90 -34
-10 40 -6
48 -12 -18
 
// NullStudy_201
// Subjects=10
28 40 26
20 18 -28
54 0 12
-56 -14 -36
46 2 54
6 -50 2
18 -2 62
0 -74 0
38 30 -2
36 22 28
-2 -72 0
26 -70 -56
52 -26 0
-64 -6 20
4 -26 -34
26 -32 -12
-4 8 44
-2 12 10
-38 26 46
-52 -24 20
18 -28 46
-42 4 22
-6 52 18
-16 18 42
 
// NullStudy_202
// Subjects=19
18 -74 34
-4 -2 12
-30 -22 -20
46 -42 2
 
// NullStudy_203
// Subjects=9
-40 -38 40
4 -62 -56
30 -28 42
 
// NullStudy_204
// Subjects=11
24 24 -14
40 -30 46
-14 -54 18
 
// NullStudy_205
// Subjects=9
46 30 8
54 -58 12
-58 -52 28
-42 -66 -44
-52 6 0
32 -88 14
-64 -12 6
42 -82 0
-34 -8 48
-22 30 48
34 -38 50
-52 16 -4
30 -48 64
12 -68 -12
22 36 -20
18 -8 -20
36 -66 8
-30 44 22
44 -12 38
-60 6 -14
-16 -32 8
-28 4 2
-22 -46 -42
-28 -12 8
32 -74 -14
-10 12 58
-54 28 10
32 10 60
4 36 42
-30 18 52
36 -28 -16
 
// NullStudy_206
// Subjects=18
44 -60 -2
-10 -60 18
-40 -48 -52
18 -42 68
52 -4 -26
30 18 -40
 
// NullStudy_207
// Subjects=14
44 16 12
16 -68 20
-32 -46 32
 
// NullStudy_208
// Subjects=9
22 48 -14
12 18 -10
-40 -60 -8
38 -74 30
-44 -66 -56
54 38 -12
 
// NullStudy_209
// Subjects=14
38 -60 -38
-42 16 -34
-38 -50 18
-20 42 8
 
// NullStudy_210
// Subjects=9
-54 -40 -6
-10 -4 6
22 -76 -14
 
// NullStudy_211
// Subjects=9
42 -72 -38
-32 -54 -4
-36 -58 -32
 
// NullStudy_212
// Subjects=12
18 26 56
-66 -12 30
-20 32 -6
 
// NullStudy_213
// Subjects=14
28 -48 68
-20 -66 4
-6 -58 -28
16 -64 -52
 
// NullStudy_214
// Subjects=9
-28 -58 8
-8 -32 -46
 
// NullStudy_215
// Subjects=14
10 -68 -18
42 -62 -40
-46 10 -28
-22 -96 -10
-4 34 20
-34 28 18
 
// NullStudy_216
// Subjects=9
24 -38 46
20 -82 2
 
// NullStudy_217
// Subjects=11
-40 -28 -4
-32 -34 -14
34 10 24
-6 -16 48
 
// NullStudy_218
// Subjects=9
52 -40 26
-16 -74 16
-62 -52 -26
-42 -28 54
68 -38 -24
46 4 44
22 -18 38
-22 -4 -26
-50 18 40
34 44 40
-6 -36 -16
-16 -82 -42
20 -48 -12
58 -30 -2
-48 -16 56
58 -52 -18
-8 -40 12
22 18 8
66 8 10
24 -10 50
-26 -58 -10
20 48 12
-16 -70 -6
34 -68 50
12 -68 58
-4 12 18
32 -36 58
-22 -16 46
20 54 -8
-14 -82 -30
34 -58 -4
 
// NullStudy_219
// Subjects=10
42 -20 -30
-24 -8 54
 
// NullStudy_220
// Subjects=12
0 54 -18
-26 -36 40
-10 -42 74
 
// NullStudy_221
// Subjects=9
24 -80 14
62 12 22
 
// NullStudy_222
// Subjects=18
20 64 -16
-48 -70 26
54 -6 34
 
// NullStudy_223
// Subjects=11
-62 -60 -8
-22 -46 68
46 -50 -20
-48 -36 -4
 
// NullStudy_224
// Subjects=14
16 -54 -20
-36 2 -20
-22 36 -4
-4 -32 66
-12 -18 -20
-20 -2 74
 
// NullStudy_225
// Subjects=11
18 32 56
-50 10 28
-24 38 24
 
// NullStudy_226
// Subjects=18
26 20 16
64 -16 -4
6 28 34
-36 -58 -54
-44 60 -4
-44 -50 -6
30 64 14
-34 -50 -62
26 -44 44
-56 32 24
66 -26 -6
-54 -2 -34
-38 -16 30
8 -24 78
-10 -44 40
48 -58 -22
26 20 6
-32 -24 -2
 
// NullStudy_227
// Subjects=14
-24 -44 -16
26 -20 -24
-34 4 14
 
// NullStudy_228
// Subjects=11
-34 -4 -44
44 24 40
44 -52 48
48 -68 12
-40 12 44
62 -32 22
18 46 48
-4 -68 -38
-8 -30 60
46 -20 24
48 -18 12
18 8 4
14 -22 -26
26 -10 40
4 56 -24
-14 -50 74
-8 -60 20
-12 -38 -16
 
// NullStudy_229
// Subjects=9
56 -18 28
-36 -66 -58
 
// NullStudy_230
// Subjects=9
-30 30 22
34 2 8
-34 -12 -24
34 -48 32
20 -68 -8
-40 -64 36
-12 54 38
0 18 16
-28 -22 18
-28 10 -22
-56 -64 22
-48 -64 28
2 -90 -2
-28 -48 -20
-54 0 46
-2 -62 30
40 -70 38
-2 -88 -4
 
// NullStudy_231
// Subjects=9
34 -52 62
20 -40 -10
38 20 22
38 -6 -36
 
// NullStudy_232
// Subjects=10
-42 14 -22
46 28 -14
 
// NullStudy_233
// Subjects=10
-10 -40 -18
50 -10 -4
22 32 34
14 -80 22
 
// NullStudy_234
// Subjects=10
32 -58 -30
-56 8 -20
 
// NullStudy_235
// Subjects=14
-26 -40 -48
-58 -42 38
-22 36 12
 
// NullStudy_236
// Subjects=18
44 -50 -10
12 52 -6
-16 -18 8
52 -64 32
 
// NullStudy_237
// Subjects=11
6 28 46
-44 -44 2
-26 -12 34
 
// NullStudy_238
// Subjects=14
12 34 -26
0 -50 8
16 -2 64
-8 58 0
 
// NullStudy_239
// Subjects=19
6 -30 22
-26 -30 -14
12 32 4
4 18 20
-26 -18 -24
-48 -54 -18
10 32 32
-66 -42 0
-8 14 46
24 -60 64
38 -76 -6
24 -34 12
-58 2 14
26 64 8
-44 -12 64
42 -62 6
4 -48 -58
-16 -54 -48
26 0 0
0 -24 -52
20 60 2
-52 -52 48
16 -42 62
36 -50 -24
 
// NullStudy_240
// Subjects=9
16 -38 -24
28 -86 -28
8 42 50
 
// NullStudy_241
// Subjects=12
-14 -8 48
-52 22 -10
-56 -48 -18
 
// NullStudy_242
// Subjects=14
-58 2 -6
-46 40 -20
32 14 40
-6 -36 -52
20 -66 62
-16 60 -18
-6 -32 -46
-16 38 4
26 -38 30
36 -24 36
-34 10 22
68 2 8
-42 34 36
-4 4 -10
30 -56 8
18 42 2
-58 2 -36
-58 -26 8
 
// NullStudy_243
// Subjects=14
-52 -44 -30
30 -58 48
-22 -32 -36
34 -8 12
-34 4 28
-54 -24 46
28 -8 -4
-2 8 -18
-44 -70 -54
-28 16 32
18 -28 18
8 -34 30
2 2 46
24 -28 32
64 4 4
-8 -104 0
-8 -14 60
-44 -40 56
 
// NullStudy_244
// Subjects=10
28 6 -34
-36 30 -22
 
// NullStudy_245
// Subjects=14
28 -10 -16
-30 -26 -32
-12 46 -6
 
// NullStudy_246
// Subjects=11
20 -38 -22
24 -80 -38
-28 54 -6
-10 4 28
40 50 16
38 -32 46
 
// NullStudy_247
// Subjects=18
60 14 24
-40 -12 -6
50 -60 -4
40 -18 58
12 -56 20
-16 -64 -56
 
// NullStudy_248
// Subjects=10
-42 -52 12
10 10 30
8 -24 -14
54 -32 -20
 
// NullStudy_249
// Subjects=10
20 -2 2
36 -90 -10
10 22 60
 
// NullStudy_250
// Subjects=10
-58 -26 22
-68 -12 -16
8 24 -8
-34 -38 -40
-32 -38 -54
-2 -14 -34
-2 12 -14
62 18 4
-56 -54 2
34 -94 -14
-26 -12 -18
-36 -92 -6
-42 24 -4
18 0 60
46 -14 -20
24 -84 28
-10 -84 12
-2 -10 16
 
// NullStudy_251
// Subjects=14
-26 4 0
58 -44 36
48 4 -22
 
// NullStudy_252
// Subjects=9
32 -4 -24
-18 -96 -2
22 -46 -62
0 -48 64
-24 -8 68
-18 -34 34
-36 -4 -36
14 -66 24
-14 -72 20
36 2 -12
-10 -56 -28
-56 -50 -10
22 -46 -60
44 -72 6
-36 -26 48
2 14 -14
2 58 -20
-10 -90 -20
 
// NullStudy_253
// Subjects=12
-30 -12 -8
48 20 34
46 52 -18
 
// NullStudy_254
// Subjects=10
16 -76 12
-22 -66 -32
30 8 8
2 -80 26
20 64 2
-26 -98 6
 
// NullStudy_255
// Subjects=19
-28 -24 16
-10 6 2
-20 -74 -18
-18 -20 74
 
// NullStudy_256
// Subjects=9
64 -56 -6
16 -66 -40
42 0 -38
 
// NullStudy_257
// Subjects=12
-10 -12 28
-12 -100 2
-24 32 4
46 6 -50
-6 -58 8
26 -68 60
-8 -12 2
6 -36 16
18 46 0
-40 58 18
-30 -34 8
52 -36 44
-50 52 -8
24 -34 -6
-48 -80 18
20 -2 10
-6 -14 30
-18 -50 -6
20 -8 10
-20 44 -14
-58 32 -6
56 -24 42
-30 -2 -24
-68 -30 12
-8 -50 -42
40 -22 44
-38 -40 -40
2 -38 74
12 -10 4
-18 -68 -28
24 10 -50
 
// NullStudy_258
// Subjects=11
-12 56 10
-12 -42 -2
2 -30 -2
 
// NullStudy_259
// Subjects=10
14 -8 0
-22 -2 -28
-14 -12 4
 
// NullStudy_260
// Subjects=10
-16 -40 -28
8 24 -28
-18 54 30
 
// NullStudy_261
// Subjects=14
-48 -22 6
-24 36 8
6 32 -26
 
// NullStudy_262
// Subjects=10
38 -60 -22
-32 -16 64
-46 -62 4
 
// NullStudy_263
// Subjects=14
-30 -14 72
-60 -56 -10
-66 -36 32
-60 -30 -28
16 -20 -40
-42 32 10
24 -80 -24
38 42 -24
-28 -10 -10
10 -50 60
4 -60 60
-8 -56 14
46 -34 -42
32 -28 -28
-42 -46 10
-18 22 -4
-30 16 -44
-54 24 28
12 -94 -10
8 -60 8
0 -56 -6
-66 -4 28
-10 -48 10
-38 38 36
 
// NullStudy_264
// Subjects=9
-34 30 52
18 34 56
 
// NullStudy_265
// Subjects=10
38 24 -16
-4 -8 66
-46 -80 24
62 -34 -20
 
// NullStudy_266
// Subjects=10
-24 -72 2
8 16 4
-44 -10 34
-4 32 24
-24 -38 -18
12 -40 14
 
// NullStudy_267
// Subjects=18
30 -10 -16
-44 44 -16
-36 6 50
-42 -4 -24
 
// NullStudy_268
// Subjects=12
24 -40 -16
-28 -82 -6
28 -42 16
 
// NullStudy_269
// Subjects=10
-26 -30 -4
-10 -70 4
6 -26 -20
 
// NullStudy_270
// Subjects=14
18 -70 -18
0 -12 -2
-12 52 16
-42 0 22
 
// NullStudy_271
// Subjects=14
-18 -34 68
-2 -14 70
20 16 62
16 12 50
-20 -92 0
2 -46 10
-38 -60 -28
-28 -36 16
40 -56 8
-46 -76 18
-16 54 -10
46 -40 16
38 -24 -28
-52 34 10
-42 -10 -26
-28 -54 40
34 -34 0
-36 26 38
26 14 26
-10 58 -12
26 10 16
-12 6 72
-40 20 -32
30 6 40
12 -24 54
-48 -70 30
-46 -8 32
12 4 16
36 22 -12
-34 -54 48
-40 -68 -16
 
// NullStudy_272
// Subjects=9
-30 -84 30
-4 -48 -20
-56 -60 18
32 -44 20
 
// NullStudy_273
// Subjects=14
-32 -70 -2
40 -22 20
58 -40 22
8 18 -26
16 -72 -26
-10 -30 12
54 32 -4
12 62 -8
40 20 -38
-8 4 26
24 -54 -20
2 -68 -6
20 4 38
-4 -82 22
32 -60 -58
32 52 -6
30 -40 46
-30 -80 -22
4 -54 -32
22 26 -12
10 4 22
6 -40 58
-58 -18 -34
26 -58 40
 
// NullStudy_274
// Subjects=18
4 -38 10
12 -58 70
0 -40 -18
 
// NullStudy_275
// Subjects=11
36 10 -42
-52 -50 38
0 44 26
26 38 -2
 
// NullStudy_276
// Subjects=19
-52 -22 4
-50 -66 4
26 -68 34
-62 -20 -22
-32 -40 2
14 36 -6
-26 -70 28
18 40 2
14 -62 -22
-24 -14 36
-68 -4 14
-62 -10 -6
40 24 -16
48 -2 -24
6 50 28
-12 72 -8
44 12 -44
12 56 2
-16 -60 -22
-22 42 -4
38 42 -10
-16 -4 14
16 40 28
-46 52 12
 
// NullStudy_277
// Subjects=10
30 20 6
8 22 10
 
// NullStudy_278
// Subjects=14
44 18 0
44 -30 44
58 -62 18
 
// NullStudy_279
// Subjects=19
58 -36 -16
12 16 -16
 
// NullStudy_280
// Subjects=14
28 -46 64
14 -40 -54
-8 -54 -44
-24 -82 -14
 
// NullStudy_281
// Subjects=9
-58 -14 14
2 -38 50
36 -42 44
 
// NullStudy_282
// Subjects=11
-24 4 -26
-4 44 -30
24 14 -32
30 26 40
-48 -60 0
56 -18 -12
 
// NullStudy_283
// Subjects=19
-10 -54 -34
-68 -16 -26
 
// NullStudy_284
// Subjects=10
26 -12 66
-4 50 40
 
// NullStudy_285
// Subjects=9
40 -58 26
4 -74 46
26 -88 -4
-6 -42 38
-48 -34 46
-42 -36 48
16 -68 -20
26 42 10
14 -30 42
28 28 30
8 16 54
-14 -52 -62
-44 -14 26
-24 6 62
48 24 -18
30 -72 -52
-22 -28 64
34 -54 -18
 
// NullStudy_286
// Subjects=9
12 -44 -54
-56 -8 6
-16 4 4
18 -56 -62
 
// NullStudy_287
// Subjects=11
2 -86 -30
2 -38 -22
46 -84 -12
24 -102 -4
 
// NullStudy_288
// Subjects=11
26 62 4
30 -24 2
-70 -28 -18
42 -34 14
-18 66 24
-8 -34 2
-8 48 -20
32 50 32
46 -30 -4
12 22 4
-36 22 32
54 20 26
50 28 -8
36 -62 56
-28 32 -22
-18 -66 6
50 -24 18
32 -62 16
 
// NullStudy_289
// Subjects=14
-8 10 60
12 -48 -40
36 16 -18
 
// NullStudy_290
// Subjects=14
38 10 26
-8 -72 56
-34 -48 46
-14 58 8
-18 16 -6
-24 -52 36
 
// NullStudy_291
// Subjects=14
-4 56 -4
-8 -34 4
42 10 -32
-46 -84 0
-24 36 -20
18 -6 68
-58 4 -22
18 50 16
14 -88 2
8 36 36
-18 -50 -58
6 -24 20
20 36 38
-22 -34 26
-42 -66 -44
36 -32 6
40 18 40
60 10 12
 
// NullStudy_292
// Subjects=14
30 24 40
52 -54 42
2 10 54
-20 -86 18
48 24 4
-30 -46 22
 
// NullStudy_293
// Subjects=14
46 -76 -42
-16 42 52
48 -36 4
28 46 12
 
// NullStudy_294
// Subjects=11
32 42 -6
-42 -40 -28
-2 -10 -2
-20 0 0
 
// NullStudy_295
// Subjects=14
-8 -80 16
-8 2 32
-28 -6 0
-34 -48 66
-30 -16 6
2 -44 6
 
// NullStudy_296
// Subjects=19
-14 42 -10
38 -84 -12
-20 -14 -22
62 -16 22
 
// NullStudy_297
// Subjects=18
18 10 38
-52 -28 -2
-68 -36 -10
4 -12 48
-2 62 34
40 42 8
22 48 8
14 -6 72
-6 -10 62
-18 -56 70
56 -62 -10
28 -28 2
-14 -52 14
-14 62 -2
36 -72 -54
-2 -92 24
-12 44 34
14 -24 -2
30 -30 -16
48 38 -6
-18 -62 -16
22 -16 46
2 -18 -18
44 -58 10
 
// NullStudy_298
// Subjects=11
-20 -90 18
58 10 -8
-54 -36 -6
10 -46 52
26 -48 -38
56 16 -36
-34 -30 22
-66 -4 6
-32 -46 30
-36 -90 4
-16 -20 8
-50 -70 -38
32 -72 -2
-20 70 2
34 -12 46
-40 -76 22
16 66 -10
18 6 -20
 
// NullStudy_299
// Subjects=19
-32 -10 -10
-48 48 -12
38 -6 -20
38 -72 22
 
// NullStudy_300
// Subjects=14
-20 -68 4
52 -58 -44
24 -26 -40
26 -22 76
 
// NullStudy_301
// Subjects=12
34 -72 -26
12 -18 28
-44 40 -14
-12 -86 46
 
// NullStudy_302
// Subjects=18
14 -30 24
-26 8 -48
-18 -92 -30
 
// NullStudy_303
// Subjects=14
20 -92 -10
-16 -90 -36
12 18 42
26 -74 6
-34 -82 -26
6 14 18
-6 -66 2
-56 -34 -10
30 8 2
8 -6 4
-54 12 34
24 34 2
-6 16 14
-14 -34 46
28 -8 -24
44 -62 8
-2 -36 20
4 58 -28
 
// NullStudy_304
// Subjects=18
12 -72 56
68 -12 -14
-32 20 44
66 -22 8
-32 62 -12
-18 34 30
 
// NullStudy_305
// Subjects=11
12 14 8
12 26 54
30 -28 -16
14 -78 -2
30 22 50
18 -78 28
-38 -34 -24
-48 -28 -12
-14 -16 -44
66 -40 4
50 -28 -24
30 30 14
36 -54 -24
16 60 0
20 20 38
-44 2 16
-4 -98 8
-32 -10 62
16 14 -10
40 40 28
-38 18 -38
2 6 42
10 -50 -54
-58 2 44
46 -56 0
60 -22 -32
-12 -56 -8
-40 40 -10
10 -98 -8
28 20 -42
-2 -4 46
 
// NullStudy_306
// Subjects=18
-26 -82 8
20 58 10
-42 -64 -58
12 48 8
-56 -56 12
20 -56 42
 
// NullStudy_307
// Subjects=14
40 -54 -48
36 38 -12
24 -36 12
8 -2 -2
-30 28 56
26 16 -18
28 -78 48
22 -12 -10
38 10 4
30 -96 -10
-60 -16 -32
50 -38 -38
6 -2 58
38 -76 32
22 -62 8
-18 -72 36
46 22 36
34 -2 -40
56 -24 38
-18 -42 -14
32 -12 -10
-30 -36 46
36 56 18
14 38 54
-64 -30 20
-26 -28 50
42 -68 8
-32 34 32
-24 -58 -62
-16 -20 -18
-64 -16 16
 
// NullStudy_308
// Subjects=14
-26 -60 50
-22 20 -14
-56 -54 16
-18 -18 -20
 
// NullStudy_309
// Subjects=9
-42 -22 40
14 6 58
-60 -50 4
38 0 50
40 20 -32
-34 2 46
-20 32 50
8 -24 14
-36 -22 42
-16 -42 26
-56 -36 28
10 -86 36
28 -88 -10
46 -30 8
12 -68 -28
-44 -12 58
-8 -72 36
-52 -62 -38
54 0 -16
-30 6 50
-18 36 2
-54 -68 -18
44 -4 34
42 -20 -22
-32 26 -36
-2 -76 -28
30 -54 -28
-62 -16 20
12 30 -16
6 -42 -32
-4 -96 18
 
// NullStudy_310
// Subjects=18
-6 -58 44
8 -8 -6
62 4 30
10 6 6
0 -64 -2
-64 0 -2
30 46 32
30 50 -10
36 18 -8
14 -22 76
-54 4 -18
-46 18 -34
-26 -50 -4
-38 46 32
-24 18 58
-60 -28 -18
-64 -52 6
12 40 16
 
// NullStudy_311
// Subjects=11
32 -32 -18
34 -88 -22
48 -34 -10
-2 -36 2
14 -24 0
14 -18 0
-38 -26 56
-10 -66 46
14 -84 -38
50 38 24
-26 -32 16
-8 -34 -34
-38 4 -12
-16 -86 -6
-26 -58 60
-14 -54 -42
-30 32 50
-12 -58 66
-22 54 4
-20 -42 -22
58 -8 -34
-54 -6 46
-58 10 6
-16 68 12
34 40 38
-48 -6 -22
-24 -2 72
64 -48 8
-38 -56 50
-30 -22 62
24 38 48
 
// NullStudy_312
// Subjects=14
2 -54 -56
58 -2 2
2 -64 64
36 26 24
 
// NullStudy_313
// Subjects=14
32 0 -42
-26 34 -26
-38 40 12
 
// NullStudy_314
// Subjects=11
20 -12 44
-10 -44 30
 
// NullStudy_315
// Subjects=14
4 -28 74
-46 -62 -54
-26 -28 -48
8 60 -20
-60 -18 -30
26 -56 -48
 
// NullStudy_316
// Subjects=10
40 -60 8
60 2 24
-50 42 20
42 -4 54
 
// NullStudy_317
// Subjects=11
22 -28 -24
6 -82 -16
-24 10 -46
 
// NullStudy_318
// Subjects=12
-8 -64 24
16 -8 0
54 -24 50
48 -30 -4
-32 4 -2
40 50 -14
 
// NullStudy_319
// Subjects=11
42 -14 28
50 -62 -22
40 -74 -38
 
// NullStudy_320
// Subjects=11
28 -26 62
40 -38 22
34 -28 54
56 -54 36
 
// NullStudy_321
// Subjects=19
-24 12 18
-38 -46 -50
30 -64 -40
-22 -58 22
2 22 52
46 38 6
32 -40 60
-24 4 24
26 -66 -52
36 -82 32
2 -66 60
28 -70 -44
-42 6 12
0 -4 -2
22 50 -14
36 -60 -6
-52 40 2
-22 8 -18
0 -14 -18
-4 -20 -50
-38 36 40
28 -50 60
2 32 -14
-30 -36 -24
 
// NullStudy_322
// Subjects=18
34 -34 12
-12 -44 64
 
// NullStudy_323
// Subjects=11
38 -44 58
-50 -18 22
 
// NullStudy_324
// Subjects=14
48 20 34
28 46 40
-24 -64 36
22 -84 -28
40 -30 -22
-62 -56 -28
60 10 -22
-38 16 50
-64 -50 -10
28 -90 -8
-20 -28 58
0 -40 -14
-4 -8 58
34 2 22
18 -40 22
4 22 -10
-46 -24 20
-34 10 -8
-60 -60 24
12 -2 24
-24 -32 34
6 -76 6
-26 -40 14
-16 60 -12
 
// NullStudy_325
// Subjects=11
26 54 12
28 -76 -16
-60 -30 -8
 
// NullStudy_326
// Subjects=10
34 -34 0
2 -72 -30
62 -2 0
 
// NullStudy_327
// Subjects=18
48 -12 32
-14 -60 54
-16 58 2
 
// NullStudy_328
// Subjects=11
46 -62 52
-26 -64 38
-6 -44 70
2 -48 -42
48 -28 48
52 -62 -32
 
// NullStudy_329
// Subjects=11
4 -40 44
-20 -78 -50
40 -78 -14
-58 8 30
-22 -100 -16
-10 -22 -48
14 -52 44
-14 -20 12
28 -14 -4
-32 -40 30
6 -40 -36
-24 -48 -62
50 -42 20
12 -78 -14
2 60 18
10 22 16
-14 30 24
-24 -98 -4
52 -36 54
46 -2 -14
-70 -42 -20
58 -10 12
-30 -36 -2
62 -4 22
 
// NullStudy_330
// Subjects=19
-14 -92 18
-40 -6 24
-58 26 26
 
// NullStudy_331
// Subjects=14
-4 68 22
2 38 2
42 -70 -58
-10 -40 -54
22 -80 -46
-32 4 56
2 -60 0
-26 54 20
-40 -70 34
6 48 -16
-34 36 38
-40 -48 -28
44 0 14
-50 -62 -18
-40 -16 34
-52 -56 -26
-18 -4 -14
22 26 -20
0 -88 30
-2 42 44
-38 -22 54
-14 -70 -36
12 -64 28
-60 -20 -22
-30 -70 -18
22 -56 32
-16 24 -28
-36 24 20
28 -16 -4
-10 -84 -32
-12 -20 52
 
// NullStudy_332
// Subjects=14
-28 -86 -4
-44 -60 50
 
// NullStudy_333
// Subjects=14
30 -42 32
34 -32 -24
8 32 46
 
// NullStudy_334
// Subjects=9
50 8 -36
20 16 52
24 54 16
 
// NullStudy_335
// Subjects=11
-32 -22 34
-20 -10 30
58 -58 28
 
// NullStudy_336
// Subjects=9
18 66 -6
-26 4 30
26 24 -42
6 12 72
12 -72 -18
-14 -56 54
-40 -22 -30
26 -64 6
-36 16 50
8 32 18
-14 -24 -36
56 -8 -24
38 -6 -10
20 2 -22
-58 -42 22
-44 -36 48
-28 -30 16
2 -32 72
-12 -6 64
8 -12 70
40 -44 60
-4 -18 -2
-14 -56 12
-50 -68 28
 
// NullStudy_337
// Subjects=9
18 -18 62
26 16 -40
-22 -100 -8
-2 -34 52
-22 -24 36
44 -58 46
 
// NullStudy_338
// Subjects=14
20 -6 64
50 -72 -36
-22 50 20
 
// NullStudy_339
// Subjects=11
-32 4 -48
-24 -70 46
-32 -18 18
 
// NullStudy_340
// Subjects=11
22 46 42
28 -18 60
2 -88 4
-2 24 26
-32 -64 -48
8 -44 66
-48 -78 18
-26 4 48
-56 -42 -32
14 -46 -10
-28 42 16
-34 -2 -2
-20 -44 30
28 -62 -18
26 -48 42
28 16 56
-30 18 -6
2 -58 18
 
// NullStudy_341
// Subjects=10
-44 -62 24
12 10 16
32 -96 0
-60 -42 -4
 
// NullStudy_342
// Subjects=11
-36 -64 48
-20 -60 42
8 34 52
 
// NullStudy_343
// Subjects=11
-10 -58 34
-14 60 4
-18 -22 40
-32 -64 22
-16 -26 76
10 -18 -16
-6 -88 10
52 -10 18
-56 -52 -14
2 -12 -42
8 4 28
46 -6 40
-22 -60 -22
-64 -54 0
18 2 10
-34 -52 62
52 -56 -18
32 -20 18
50 14 28
-30 38 0
-24 10 -6
-52 -20 18
-32 -42 -48
28 -28 26
 
// NullStudy_344
// Subjects=19
-56 20 38
-16 38 -8
50 28 2
-60 -48 -8
 
// NullStudy_345
// Subjects=14
46 46 6
-28 44 -22
-34 -14 60
-60 -56 -4
-50 -28 -16
58 30 -2
8 -34 58
6 -66 18
-30 -6 72
-48 6 28
-18 -64 60
16 -54 -6
-68 -28 -28
-34 -48 22
6 64 -4
24 -76 -42
24 -86 -36
26 20 32
-18 52 36
-50 -48 12
36 -34 -40
-34 4 44
-10 48 -6
-26 -38 22
26 52 -20
28 -22 -24
42 -10 -34
-64 18 18
-44 18 16
44 -14 32
38 12 46
 
// NullStudy_346
// Subjects=14
6 -68 22
-8 -10 8
30 -38 -24
 
// NullStudy_347
// Subjects=11
-16 20 36
0 44 -28
-28 8 48
12 4 42
-54 -52 6
-34 26 50
20 -22 34
-28 -74 34
40 52 -20
50 -40 32
58 22 24
-62 16 30
16 34 20
12 44 2
-26 -54 -50
-18 -68 34
-8 -42 50
-2 -94 16
 
// NullStudy_348
// Subjects=14
38 -60 -36
38 -56 50
20 -58 70
-48 4 -20
-22 16 34
38 -10 10
44 -58 38
28 -20 -18
14 -76 -32
24 -34 44
-16 -18 -10
10 24 66
12 -78 38
4 -20 26
18 -10 18
56 -30 -20
-6 -40 16
24 -44 66
-16 -56 -12
50 -30 -20
-36 34 -14
-24 24 -12
24 -42 38
28 2 -16
 
// NullStudy_349
// Subjects=11
-14 60 6
-16 -76 -40
-22 42 20
6 18 26
 
// NullStudy_350
// Subjects=14
-52 -60 -14
32 -82 14
48 26 36
 
// NullStudy_351
// Subjects=18
18 34 26
26 -52 36
-40 -42 48
 
// NullStudy_352
// Subjects=11
-4 0 40
38 -18 6
-36 -42 -16
-46 -68 -12
-56 -26 36
20 44 22
20 -12 -10
-50 36 28
-10 62 28
30 18 -26
-24 -50 -44
-30 34 14
20 -46 -36
10 -76 46
-36 -52 34
-44 -48 -4
-42 4 36
-36 -48 6
60 -46 4
-50 -18 -36
40 -10 14
-32 6 18
-4 -28 42
8 -76 -16
58 -14 -8
-14 10 56
24 34 22
20 22 56
56 -26 44
-16 -10 -24
-6 -90 30
 
// NullStudy_353
// Subjects=14
-38 -16 58
-12 -6 -10
 
// NullStudy_354
// Subjects=9
34 24 -38
24 -24 58
-10 74 0
 
// NullStudy_355
// Subjects=14
32 -42 32
14 -50 20
26 -82 -14
-50 36 24
 
// NullStudy_356
// Subjects=10
-20 -50 -36
12 38 54
2 -48 60
16 14 -26
48 -32 -26
16 -28 28
 
// NullStudy_357
// Subjects=9
20 -78 50
22 -56 30
-44 -60 30
 
// NullStudy_358
// Subjects=11
-30 6 44
32 2 -2
-56 -44 -44
-28 -66 12
-14 -12 36
-58 14 30
-56 -46 -16
48 -56 -14
6 32 32
-60 -6 40
-50 -30 -28
-50 18 -30
-44 6 30
-38 38 28
38 -44 -48
-38 -58 -16
12 -24 -20
26 -26 -10
-8 -70 -14
58 -28 0
44 16 20
10 -20 22
-4 -48 26
-16 -44 -40
-50 -36 42
-40 -84 -34
-14 -80 -16
-38 -56 14
-24 -4 60
-22 46 -6
-42 -68 10
 
// NullStudy_359
// Subjects=11
44 -66 -8
-22 -64 58
 
// NullStudy_360
// Subjects=9
58 -44 -2
10 -10 4
54 14 12
-38 -54 0
36 -50 -16
-6 -64 36
14 14 28
18 -6 14
32 -36 -4
52 46 10
40 -58 20
-56 14 -32
26 -12 4
48 -52 -50
14 -44 -62
-56 -30 46
-28 -78 -40
-32 -26 -28
-32 -46 54
-14 44 8
4 -20 58
-2 -82 -12
-12 -62 70
-6 -96 -16
-20 66 20
38 -40 -54
-40 -6 30
-8 38 10
-8 -20 20
50 36 20
-24 -48 42
 
// NullStudy_361
// Subjects=11
40 16 -2
8 -88 0
 
// NullStudy_362
// Subjects=12
14 36 20
-20 -82 -28
-34 2 52
-6 24 -22
 
// NullStudy_363
// Subjects=14
-52 -68 18
34 -18 36
16 16 10
 
// NullStudy_364
// Subjects=11
66 -16 -4
28 56 -4
 
// NullStudy_365
// Subjects=14
-42 38 12
-60 -40 26
-8 -74 -12
-10 -12 38
50 -46 -32
-60 8 12
30 8 -18
-18 -36 26
38 -24 -24
-22 22 -10
8 30 -30
-18 -64 30
-2 50 -22
-66 -18 30
-6 -86 -12
4 -82 -22
40 -28 64
10 -24 10
-10 -88 24
32 -62 -42
-20 -4 -30
-24 -8 20
-6 -64 -42
50 -44 32
24 14 28
40 22 16
40 4 30
-8 2 18
44 -2 -48
-22 -60 -8
-10 -18 60
 
// NullStudy_366
// Subjects=9
-6 10 70
64 -30 -12
 
// NullStudy_367
// Subjects=10
40 -60 -10
-10 0 18
 
// NullStudy_368
// Subjects=18
12 -30 8
-46 -4 -16
-36 8 44
 
// NullStudy_369
// Subjects=11
-8 46 18
18 4 -14
0 52 -4
0 -36 38
 
// NullStudy_370
// Subjects=9
-24 -46 -16
8 -58 -36
-60 -40 -16
-40 -54 -48
 
// NullStudy_371
// Subjects=10
-22 -4 -34
58 -12 20
 
// NullStudy_372
// Subjects=14
16 30 40
54 -14 30
 
// NullStudy_373
// Subjects=18
42 16 -16
-16 -52 -8
28 -12 -8
22 -62 58
-14 -82 -8
-56 -6 -18
54 -54 -44
6 64 18
12 -44 -38
-2 -46 -58
16 -84 -46
52 -22 16
10 -90 -8
-56 36 2
32 -90 14
-56 -10 22
-22 -30 26
22 40 26
6 -18 58
56 14 -8
26 -54 -56
22 -84 30
-48 26 24
-52 40 14
 
// NullStudy_374
// Subjects=9
28 -26 66
-54 -60 -46
-38 -18 -22
8 2 24
 
// NullStudy_375
// Subjects=11
-54 -14 -16
22 -68 18
32 -36 -56
-52 -64 36
2 -36 50
-14 -64 50
62 -28 -30
-56 10 -32
44 26 16
-6 -40 -24
-46 -32 -2
-24 -26 0
24 -62 -12
-2 -6 52
2 8 30
-10 -34 18
-40 50 6
30 -42 28
-18 -14 -10
-34 -34 32
-18 36 52
-32 18 -34
46 0 36
-34 -78 -24
36 -84 -28
-6 -42 6
48 -46 42
34 -62 30
-22 -54 12
-34 -58 2
12 -70 -42
 
// NullStudy_376
// Subjects=9
28 8 -26
-22 14 -8
-54 16 -6
58 24 22
34 48 -22
-54 -70 -8
 
// NullStudy_377
// Subjects=11
46 -30 48
34 -42 46
18 -32 76
18 -14 76
2 -20 0
-10 54 18
 
// NullStudy_378
// Subjects=12
28 40 38
48 -22 38
-28 -10 -42
 
// NullStudy_379
// Subjects=19
6 38 56
18 62 0
36 -6 26
-4 -82 22
 
// NullStudy_380
// Subjects=12
4 -30 22
-12 44 32
26 -74 36
26 24 -20
62 12 -24
-48 -58 30
-40 -58 -58
32 18 40
-10 4 -16
-2 -54 -28
8 68 24
18 6 -16
-42 8 -12
-34 -76 20
6 -22 44
12 28 -16
14 -58 30
4 -30 42
-50 52 -10
-64 -10 -28
-32 44 -2
-36 12 40
62 -28 30
50 -4 -30
 
// NullStudy_381
// Subjects=18
24 26 38
8 4 66
54 -38 -20
-16 -78 32
-10 16 -18
-56 0 8
-26 26 50
16 -82 -36
38 12 54
-18 -36 -46
-38 -74 -42
-26 -54 8
-58 -14 24
-58 -48 -28
-12 44 4
-48 -8 54
12 -82 -28
-44 -52 12
-56 -40 2
10 -46 -16
68 -12 -14
-24 18 10
-64 -14 24
28 -62 -42
4 -30 16
0 -74 52
-16 -40 -10
32 -38 20
-26 -4 62
36 -74 16
26 -30 32
 
// NullStudy_382
// Subjects=14
-18 -16 32
-28 -38 -52
18 10 -2
-42 -60 -48
44 16 -2
50 10 -26
-14 -34 -10
52 -26 -14
-24 68 10
42 28 -12
26 -48 30
28 -44 -46
-26 30 -16
-48 14 0
-44 4 -34
36 -62 50
-28 -26 16
38 -58 18
26 -12 48
18 -46 36
34 -40 60
-20 -26 -24
14 -4 48
28 10 -22
64 -44 -6
-62 2 -22
44 -44 -58
-42 -54 8
32 -54 -36
-38 -84 -38
28 36 38
 
// NullStudy_383
// Subjects=9
20 36 4
26 -28 -24
-28 12 -38
36 26 6
26 0 -18
50 -56 -10
52 46 -4
6 -32 -22
-14 -16 76
-12 0 -20
60 -8 20
-40 -50 -46
-26 -60 -42
10 58 20
26 -4 -42
8 52 2
-36 -70 -52
-44 48 -14
-26 48 -14
-8 58 -2
12 -92 10
-8 -2 0
-8 26 50
-6 -58 -22
 
// NullStudy_384
// Subjects=10
14 -54 18
-42 0 50
 
// NullStudy_385
// Subjects=10
36 22 28
-10 -30 -18
-24 -50 22
 
// NullStudy_386
// Subjects=19
-18 -28 -24
24 -38 64
 
// NullStudy_387
// Subjects=11
28 16 -46
58 -12 42
-22 16 8
8 38 44
-48 4 -44
34 42 22
-28 36 -26
44 -26 40
-42 -2 -26
-6 38 16
18 -54 52
16 8 -4
4 56 28
-2 -6 46
8 -14 -18
-14 -74 38
-26 -14 -28
-28 -32 -10
 
// NullStudy_388
// Subjects=11
-38 -44 -46
44 -12 26
18 34 -22
-18 -22 6
-28 34 40
-50 36 14
 
// NullStudy_389
// Subjects=11
-32 6 40
-32 4 12
-56 -2 18
34 -80 36
22 -48 4
4 -68 58
14 -30 22
48 -12 44
-32 -28 46
-54 -4 32
-18 68 10
32 38 6
14 -18 14
-46 -18 -30
-66 -36 -2
24 -8 54
-38 -24 60
4 40 -20
-40 -80 16
-42 -38 -34
-2 -30 70
38 20 -40
30 -92 4
-28 28 -22
 
// NullStudy_390
// Subjects=14
18 26 34
-54 4 12
-40 -58 50
 
// NullStudy_391
// Subjects=12
-56 -50 46
44 40 -8
-8 -30 42
4 -72 18
 
// NullStudy_392
// Subjects=14
-14 64 0
50 -54 28
-6 18 50
30 -78 16
36 60 -4
16 -10 -10
22 30 36
-48 -16 -2
36 -42 -2
18 -34 42
12 38 26
-20 -22 66
8 60 6
38 -94 -4
-8 -56 46
42 -48 -32
-26 -50 -22
-40 36 -14
50 -52 26
-36 -12 -20
-14 -54 -38
52 -30 -18
-44 -50 18
-52 14 -40
48 -62 -40
-56 -40 -10
40 -6 24
4 10 2
22 36 8
-54 -20 -12
6 -86 -6
 
// NullStudy_393
// Subjects=14
-28 -2 10
36 -26 24
20 -62 60
16 -40 76
 
// NullStudy_394
// Subjects=9
-6 30 40
-54 22 -22
12 -84 -6
 
// NullStudy_395
// Subjects=10
-2 36 -16
20 0 4
0 -42 -20
-54 -20 -2
22 -22 76
-14 -16 6
-44 -8 6
-26 -2 -40
24 -34 58
-28 -54 -38
-32 -60 -62
-36 30 14
32 50 4
22 -60 52
22 -84 14
-52 -50 42
40 -58 -14
-54 -42 -6
28 30 -28
-22 -24 -16
24 -54 20
-2 -92 6
-34 36 -10
8 20 2
 
// NullStudy_396
// Subjects=14
46 16 -40
-54 -64 18
-18 -86 24
42 -62 -8
 
// NullStudy_397
// Subjects=19
4 -68 46
-10 -56 -52
 
// NullStudy_398
// Subjects=11
62 -32 -28
30 -32 64
38 -68 -42
-52 -8 -20
0 -30 42
-56 -26 16
-42 -36 -30
36 -64 36
-6 10 44
-68 -18 6
48 -50 48
-28 32 2
4 -46 68
14 -16 -26
6 6 70
2 -22 -38
-28 -74 -24
8 -44 36
 
// NullStudy_399
// Subjects=9
-20 -26 -36
20 2 -32
18 70 20
 
// NullStudy_400
// Subjects=14
12 22 -26
46 -52 -38
62 -44 24
 
// NullStudy_401
// Subjects=14
30 26 -12
32 -44 20
 
// NullStudy_402
// Subjects=19
-8 -94 -6
56 -26 50
 
// NullStudy_403
// Subjects=14
-28 -50 6
32 -82 -2
-44 34 -14
 
// NullStudy_404
// Subjects=11
-30 18 -28
56 40 4
-64 2 -4
-64 6 -2
36 -4 22
18 30 52
54 -10 -2
-14 -78 26
-24 -62 -32
-8 -80 -10
-26 12 50
32 -78 38
-10 -56 8
-10 36 -10
-46 12 -2
-20 -52 -16
32 -92 12
36 -80 14
 
// NullStudy_405
// Subjects=11
4 66 12
22 -48 -52
4 42 22
-16 66 20
12 -20 34
54 -6 -44
58 6 -6
2 66 22
36 -22 10
30 34 10
22 -50 50
-58 -14 -4
10 2 -16
38 -60 -58
52 -28 16
48 -14 32
-60 -2 -8
70 -10 -16
 
// NullStudy_406
// Subjects=14
-38 -70 18
-14 -36 -44
24 38 -2
28 -8 -44
12 60 -26
-16 -32 -10
 
// NullStudy_407
// Subjects=11
-18 -52 18
40 -8 -48
-12 32 2
30 -46 -20
50 -4 52
46 -46 -12
-42 -42 0
44 0 -32
-42 -50 6
-4 44 8
-10 -22 72
-38 -34 0
34 -46 -2
-24 -42 62
-4 -100 6
-2 -14 42
52 38 0
-20 -36 -12
-14 -84 46
-36 14 -18
58 -60 28
-18 -74 48
2 -26 -28
-10 -40 -44
 
// NullStudy_408
// Subjects=10
-8 22 18
22 -66 42
-28 56 6
 
// NullStudy_409
// Subjects=9
-38 -38 -54
36 -74 -14
 
// NullStudy_410
// Subjects=11
50 -46 -42
12 24 -28
14 -8 38
-20 14 60
 
// NullStudy_411
// Subjects=11
16 -56 64
8 -54 -26
12 -16 6
-36 -4 22
 
// NullStudy_412
// Subjects=11
-60 -54 36
10 -4 72
-40 -82 32
-34 40 26
-28 24 6
-6 -40 30
-48 6 16
42 20 -44
-12 0 64
-56 -14 18
44 48 -10
0 36 -2
60 -8 4
-10 -64 -30
-4 -34 -12
46 24 -34
-36 44 -14
-30 -10 -14
14 26 -10
-58 -30 -22
28 -90 16
-46 48 8
-4 16 22
26 -30 -2
-18 10 6
-46 -44 -26
-42 -18 48
-40 -18 -8
-36 -66 -40
44 -20 -18
-30 -8 2
 
// NullStudy_413
// Subjects=14
-34 -50 -28
64 -36 -14
14 -58 14
-40 -24 16
-42 -2 32
10 32 42
 
// NullStudy_414
// Subjects=18
-48 -66 0
-32 56 12
-42 -66 -24
 
// NullStudy_415
// Subjects=14
44 -48 -52
-42 -2 -42
 
// NullStudy_416
// Subjects=11
-32 -58 -22
18 20 12
-60 -10 40
-30 -74 36
-10 -42 -16
42 -50 46
-34 -50 -54
16 -12 56
-24 -40 4
10 34 2
-22 -54 54
-6 -50 6
34 30 12
-50 4 -10
-32 -90 2
18 -36 50
40 -26 -20
32 -76 -52
24 -18 62
16 -82 -24
-30 -10 34
-50 -34 -22
14 -60 50
-60 -20 22
-38 -58 -16
50 -24 32
-2 -30 -10
-8 -14 -28
64 -36 18
-4 -66 58
-28 56 14
 
// NullStudy_417
// Subjects=19
8 12 26
10 0 28
-48 -16 42
 
// NullStudy_418
// Subjects=11
-56 -46 -24
-26 -68 26
26 -12 -16
 
// NullStudy_419
// Subjects=9
-46 -6 -40
-20 20 -16
16 62 4
12 -56 52
60 8 -18
2 46 -28
26 -66 26
-38 -86 -20
4 -6 74
-24 -70 -58
20 -28 -4
-2 66 -10
22 -30 -14
-60 22 24
28 -62 8
22 -64 -30
-4 32 32
-22 12 6
-46 -58 0
32 -34 36
32 4 64
-32 6 44
10 -30 70
46 -10 -16
40 -4 54
66 2 -6
-10 6 4
58 12 -28
-42 -70 -48
-10 -54 18
-32 -34 -16
 
// NullStudy_420
// Subjects=14
4 28 -22
-8 -20 26
-8 -36 -22
 
// NullStudy_421
// Subjects=14
62 24 6
-36 -6 2
-42 -70 24
 
// NullStudy_422
// Subjects=14
-40 10 0
-58 -62 22
 
// NullStudy_423
// Subjects=18
28 16 16
46 40 -18
30 -82 -18
 
// NullStudy_424
// Subjects=14
-54 -2 -26
-16 -98 -6
-66 -2 4
 
// NullStudy_425
// Subjects=9
-60 -30 42
52 -56 -36
48 -78 -34
-14 -48 -38
26 -58 66
-32 -30 -10
 
// NullStudy_426
// Subjects=12
-22 -62 -34
42 20 28
8 40 52
44 -6 18
30 -52 -42
-62 -24 34
-28 -20 -24
26 -52 52
-40 -52 -60
14 -38 74
-2 -24 56
-8 -6 42
-42 38 -14
36 20 8
-24 24 -24
38 -2 -14
30 -6 -10
8 -30 78
2 42 -22
-12 56 16
38 10 -22
40 -10 32
-32 -58 10
-34 16 34
-32 -14 0
42 -56 -18
-4 30 64
-40 -28 0
-42 -12 30
4 42 4
36 -74 -20
 
// NullStudy_427
// Subjects=10
-6 -2 66
-22 -50 44
-52 22 -8
36 -66 26
 
// NullStudy_428
// Subjects=11
14 12 8
-26 -24 -32
 
// NullStudy_429
// Subjects=11
36 -74 28
22 -70 -22
20 -28 34
36 -76 2
-62 -26 -30
-6 -56 -44
-42 -46 18
-24 20 46
28 -80 -6
-30 -58 34
-38 -64 6
-30 -66 -60
-20 -38 -38
-12 -88 32
-42 -68 38
20 -40 42
36 -68 18
-6 -88 -18
52 -64 8
22 -66 -4
-58 -32 -4
-12 -34 68
30 -6 42
-12 -50 -32
 
// NullStudy_430
// Subjects=14
-8 -18 -10
-26 -10 -8
-14 -28 -48
22 56 2
 
// NullStudy_431
// Subjects=14
-54 4 16
-14 68 4
-18 -36 4
-26 20 -40
 
// NullStudy_432
// Subjects=9
10 -28 -42
-6 36 40
42 22 20
60 14 18
34 -68 -24
-36 -10 34
 
// NullStudy_433
// Subjects=10
-42 -20 30
16 32 -14
20 -26 16
26 -60 -36
 
// NullStudy_434
// Subjects=9
42 50 18
18 18 44
12 44 40
-16 0 36
42 -28 -14
46 -78 -18
 
// NullStudy_435
// Subjects=9
12 -52 36
-6 -44 18
-8 0 62
-18 60 32
 
// NullStudy_436
// Subjects=14
-14 -30 8
4 -16 32
-38 0 30
50 8 2
36 -22 12
-16 -28 52
 
// NullStudy_437
// Subjects=11
-6 32 10
-4 24 6
56 -16 24
-22 26 48
-58 14 2
42 -18 -2
 
// NullStudy_438
// Subjects=19
-30 -54 42
52 -32 -28
26 -50 42
 
// NullStudy_439
// Subjects=18
8 -14 44
46 -44 38
4 -86 -6
16 -40 76
-40 54 -16
34 -70 -50
 
// NullStudy_440
// Subjects=9
44 -40 60
-20 -44 26
48 -32 -18
-56 -54 28
6 -40 30
20 -68 -8
 
// NullStudy_441
// Subjects=14
-26 -72 -34
-50 34 28
-16 12 -26
-44 6 8
 
// NullStudy_442
// Subjects=11
68 -20 0
-18 -42 -28
-32 4 66
-50 -20 18
 
// NullStudy_443
// Subjects=14
-52 -28 6
50 -4 50
42 34 30
 
// NullStudy_444
// Subjects=9
0 -26 42
24 -40 -12
14 14 -12
 
// NullStudy_445
// Subjects=14
-28 8 64
-24 48 -10
-52 -12 -8
 
// NullStudy_446
// Subjects=12
-20 34 36
-14 66 -18
-10 2 40
-54 -42 -24
-26 26 -24
-36 28 44
 
// NullStudy_447
// Subjects=11
46 -38 -18
20 20 54
48 -2 6
-52 -16 -38
2 62 6
10 -82 12
-38 8 44
42 -28 0
-26 -26 14
64 -34 -14
-14 -48 -34
2 50 26
18 -42 -54
-16 -30 62
-42 -20 48
8 -20 -32
-8 48 38
-2 22 44
-20 -100 -16
-50 -60 30
-54 -16 22
-18 32 44
-38 -18 20
4 -22 36
-20 -38 0
12 -50 -44
-58 -26 50
44 -16 -14
34 -38 56
-18 -20 -30
18 -36 -18
 
// NullStudy_448
// Subjects=12
-34 -12 40
0 48 44
40 48 16
 
// NullStudy_449
// Subjects=11
-22 10 -24
56 -24 4
-10 -16 70
-34 0 -28
40 0 10
2 -44 -14
 
// NullStudy_450
// Subjects=11
14 14 30
-18 -50 -50
-16 -36 12
 
// NullStudy_451
// Subjects=11
-14 52 10
-26 24 -6
 
// NullStudy_452
// Subjects=12
0 -44 0
-52 -68 -2
 
// NullStudy_453
// Subjects=14
-16 8 68
-26 42 10
-14 -100 12
 
// NullStudy_454
// Subjects=14
46 4 -6
-20 -52 -30
2 -68 30
 
// NullStudy_455
// Subjects=9
-48 30 4
32 22 -12
22 30 -22
-62 -58 -10
-40 -68 4
20 66 6
16 34 16
-40 32 -4
28 -28 40
-18 6 14
26 -34 30
20 50 8
-44 -72 16
32 -24 -8
-14 -74 -44
12 -74 -2
-18 2 -16
-6 68 -20
-38 -18 68
28 6 -52
-24 -6 -42
40 2 -28
-20 -48 -2
46 -8 -12
-4 28 32
-24 -68 -14
-26 -66 -14
2 54 -14
66 4 12
-26 36 -20
-12 -86 44
 
// NullStudy_456
// Subjects=18
-12 -36 38
-36 -36 -22
-22 -56 -18
-40 -18 10
-24 10 -4
50 16 6
 
// NullStudy_457
// Subjects=14
-4 16 4
8 -16 -38
10 -40 4
-50 -58 46
8 6 32
-20 34 6
-46 -70 -48
60 2 -8
52 -20 -16
-22 2 60
-2 34 16
46 4 -34
54 18 -14
-52 -16 30
62 -2 32
-38 12 56
34 30 36
-14 -10 16
 
// NullStudy_458
// Subjects=11
-52 26 18
-40 -12 62
22 -54 -46
 
// NullStudy_459
// Subjects=11
50 -4 8
-6 -28 -8
64 -4 -26
 
// NullStudy_460
// Subjects=14
16 -32 52
22 32 -16
62 -24 6
 
// NullStudy_461
// Subjects=11
-8 50 42
-6 -74 14
16 -64 58
 
// NullStudy_462
// Subjects=14
58 -14 -14
-14 -32 78
0 -26 44
 
// NullStudy_463
// Subjects=9
48 -52 -10
-52 -14 20
24 2 44
 
// NullStudy_464
// Subjects=14
10 -90 -2
6 -8 -10
 
// NullStudy_465
// Subjects=19
56 -56 20
38 14 16
-46 -6 36
18 -26 -12
 
// NullStudy_466
// Subjects=12
36 18 -30
-52 -38 0
-24 -34 4
-42 34 30
-8 52 -14
-22 -56 -40
 
// NullStudy_467
// Subjects=11
56 -42 6
-36 -12 52
26 -72 -54
46 -76 -40
 
// NullStudy_468
// Subjects=14
-32 -64 -32
-26 -62 18
-58 -66 -18
 
// NullStudy_469
// Subjects=11
-18 -26 -30
44 -18 6
-38 -38 -22
 
// NullStudy_470
// Subjects=19
-58 -56 -16
12 -24 40
-28 -12 64
56 -10 18
62 -20 10
-28 22 54
 
// NullStudy_471
// Subjects=11
0 -10 56
28 12 46
-22 -76 52
 
// NullStudy_472
// Subjects=11
32 -74 14
-26 42 18
38 20 28
-70 -16 0
 
// NullStudy_473
// Subjects=14
24 -46 32
48 -74 4
 
// NullStudy_474
// Subjects=9
64 2 -24
-28 10 6
-42 -10 4
52 -44 -16
-56 -48 6
-30 -18 64
-24 -72 6
54 -26 -26
4 -72 -2
24 30 30
28 50 24
42 10 14
-58 22 24
6 54 -6
-22 26 -16
2 4 50
16 -46 48
48 -48 -30
-2 -40 -18
-28 -50 -20
-2 34 52
-62 6 -26
-50 -16 -22
-42 -78 -12
6 -34 36
14 -16 18
-12 -68 44
-62 -10 36
-38 -4 48
24 26 -22
52 -42 4
 
// NullStudy_475
// Subjects=18
44 -16 -12
-46 26 -12
18 6 -30
14 60 -22
 
// NullStudy_476
// Subjects=11
52 -68 6
2 -24 64
34 -20 -20
62 -28 32
32 28 -12
-34 -24 -18
-32 22 4
34 34 36
-8 -54 -12
-14 -30 46
-48 20 44
30 -34 -28
22 36 46
-56 -38 12
-6 14 24
40 -76 -22
34 -44 34
30 -40 50
32 10 42
-26 48 -18
30 -34 20
-20 -6 2
-26 38 12
20 -42 44
-28 14 18
-50 -14 36
10 -30 -14
48 14 42
58 -32 28
-42 -38 -12
-12 40 36
 
// NullStudy_477
// Subjects=11
68 -22 8
-12 -50 8
-12 -64 36
 
// NullStudy_478
// Subjects=19
-38 -54 -28
58 -16 10
36 -20 20
-24 -76 -12
-34 -74 10
-16 -30 -14
50 -36 10
-6 22 -14
12 -24 20
-46 36 34
-14 -42 -60
52 18 6
18 -64 40
44 -30 44
20 56 20
-14 34 40
8 -46 -28
60 32 6
 
// NullStudy_479
// Subjects=19
0 -88 4
30 -60 -58
42 -26 48
 
// NullStudy_480
// Subjects=9
-22 -4 44
32 -82 14
-74 -36 -8
-12 -76 4
6 52 46
-8 -40 -22
6 44 20
0 -24 -40
4 -14 12
8 -28 -42
38 -82 16
-20 -92 16
-48 -70 24
-10 8 -18
-34 28 2
46 24 12
22 30 14
32 -34 56
 
// NullStudy_481
// Subjects=14
12 -42 -12
40 -26 34
0 -76 4
-26 -24 20
 
// NullStudy_482
// Subjects=14
-2 -72 40
-24 -26 -22
-64 0 12
-38 -46 -6
-10 -40 64
6 -56 44
-10 62 16
-36 -66 -28
-18 -22 70
-30 -32 -18
-18 -78 4
38 -64 -8
50 18 -4
-12 -36 -20
24 -84 -12
0 -80 -22
26 -40 -52
0 -36 -48
-2 4 -8
4 0 50
-48 -70 -24
42 -2 -18
38 -20 14
-50 -22 48
-4 32 -20
-30 -52 8
8 -12 20
28 -66 28
-50 -58 -26
-60 10 34
-44 -8 2
 
// NullStudy_483
// Subjects=11
56 -20 16
14 -36 14
6 -40 -12
-60 -28 10
 
// NullStudy_484
// Subjects=14
58 -24 28
-12 38 14
14 32 2
 
// NullStudy_485
// Subjects=18
26 0 48
14 -70 -4
-26 -2 42
62 -8 -36
46 20 26
30 -4 54
 
// NullStudy_486
// Subjects=11
2 -12 10
-8 -26 -42
-50 -10 -26
 
// NullStudy_487
// Subjects=11
-4 -60 48
-42 -38 -6
12 28 30
-16 -34 8
12 -20 -28
14 -52 66
40 -46 -52
-32 46 18
12 -78 -12
-12 4 56
-42 12 -46
6 20 22
-62 -48 14
24 -52 52
34 10 10
34 -48 -62
-44 50 -12
12 -14 4
30 -36 56
8 -74 40
-18 -36 -38
40 8 -46
-34 18 28
44 4 46
 
// NullStudy_488
// Subjects=9
30 -8 50
20 -4 -36
2 -16 32
-42 -14 32
 
// NullStudy_489
// Subjects=18
4 -26 -12
4 18 8
28 -54 70
 
// NullStudy_490
// Subjects=18
52 -46 26
36 -30 24
38 26 20
-56 20 8
 
// NullStudy_491
// Subjects=18
14 0 2
12 -14 78
-4 -84 -10
-52 12 -34
 
// NullStudy_492
// Subjects=11
-14 -72 -36
46 -74 -6
 
// NullStudy_493
// Subjects=14
12 -92 0
-18 -46 44
-18 46 2
18 -18 60
 
// NullStudy_494
// Subjects=11
-44 4 18
-16 0 -8
8 24 60
-30 -52 -18
26 -98 -16
28 -30 -42
 
// NullStudy_495
// Subjects=11
36 -94 -8
-14 -38 -16
6 -38 20
-10 -52 -24
 
// NullStudy_496
// Subjects=10
-46 -20 2
14 -48 6
-32 -78 34
 
// NullStudy_497
// Subjects=11
-2 72 -8
10 -32 -32
-26 -54 68
-18 -20 -18
-30 -12 24
10 -68 0
-46 -38 60
28 18 42
38 38 12
8 -46 78
-28 14 -42
28 10 -50
-54 -10 2
52 -14 4
10 -84 -26
-20 -34 80
30 -28 -10
-28 -74 44
18 -40 66
4 -54 -24
8 -32 74
-2 -40 20
14 66 -22
-48 20 -20
-10 -60 30
-18 18 28
58 -50 -10
54 -46 -20
46 -68 -2
44 -82 4
8 4 -8
 
// NullStudy_498
// Subjects=9
10 -18 -34
40 42 30
64 -48 -16
 
// NullStudy_499
// Subjects=18
-12 -22 70
-10 16 36
-54 -64 -6
 
// NullStudy_500
// Subjects=12
62 4 -28
60 0 36
-44 22 20
46 14 -40
-6 10 26
10 -18 46
 
